footprint: [[-0.365251868963,0.394423782825],
            [-0.415149450302,-0.371458053589],
            [0.591126203537,0.361693322659],
            [0.575724840164,-0.444353818893]]

controller_frequency: 10.0
controller_patience: 15.0
clearing_radius: 0.59
footprint_padding: 0.03