footprint: [[-0.420454502106,-0.324358284473],
           [0.544994831085,-0.391531527042],
           [0.576551675797, 0.343950808048],
           [-0.367359310389, 0.39284864068]]

controller_frequency: 10.0
controller_patience: 15.0
clearing_radius: 0.59
footprint_padding: 0.03